631.9035580524344 1091.8643258426966
539.2229691876751 409.59529411764703
1406.5565972222223 377.66640625
1319.816870273415 1099.921727748691

631.9035580524344 1091.8643258426966
539.2229691876751 409.59529411764703
1406.5565972222223 377.66640625
1387.9573007562537 742.7403141361256

631.9035580524344 1091.8643258426966
1331.2927731092439 1102.59
1406.5565972222223 377.66640625
1387.9573007562537 742.7403141361256

977.186329588015 1082.7195926966294
1331.2927731092439 1102.59
1406.5565972222223 377.66640625
1387.9573007562537 742.7403141361256

206.38632958801497 934.6695926966293
560.4927731092437 954.54
635.7565972222222 229.61640625
617.1573007562537 594.6903141361256

